293,4
293,3
293,2
293,1
293,0
292,3
292,2
292,1
292,0
291,3
291,2
291,1
291,0
290,3
290,2
290,1
290,0
289,4
289,3
289,2
289,1
289,0
288,3
288,2
288,1
288,0
287,3
287,2
287,1
287,0
286,3
286,2
286,1
286,0
285,3
285,2
285,1
285,0
284,3
284,2
284,1
284,0
283,3
283,2
283,1
283,0
282,4
282,3
282,2
282,1
282,0
277,6
277,5
272,5
272,4
271,32
271,31
271,30
271,29
271,28
271,27
271,26
271,25
271,24
271,23
271,22
271,21
271,20
271,19
271,18
271,17
271,16
271,15
271,14
271,13
271,12
271,11
271,10
271,9
271,8
271,7
271,6
271,5
271,4
0,575
0,574
281,4
281,3
281,2
281,1
281,0
0,573
0,572
0,571
280,3
280,2
280,1
280,0
279,3
279,2
279,1
279,0
278,3
278,2
278,1
278,0
277,4
277,3
277,2
277,1
277,0
276,3
276,2
276,1
276,0
275,3
275,2
275,1
275,0
274,3
274,2
274,1
274,0
273,3
273,2
273,1
273,0
272,3
272,2
272,1
272,0
271,3
271,2
271,1
271,0
260,6
260,5
260,4
270,4
270,3
270,2
270,1
270,0
269,3
269,2
269,1
269,0
268,3
268,2
268,1
268,0
267,3
267,2
267,1
267,0
266,4
266,3
266,2
266,1
266,0
265,3
265,2
265,1
265,0
264,3
264,2
264,1
264,0
263,3
263,2
263,1
263,0
262,3
262,2
262,1
262,0
261,3
261,2
261,1
261,0
260,3
260,2
260,1
260,0
255,6
255,5
250,5
250,4
249,33
249,32
249,31
249,30
249,29
249,28
249,27
249,26
249,25
249,24
249,23
249,22
249,21
249,20
249,19
249,18
249,17
249,16
249,15
249,14
249,13
249,12
249,11
249,10
249,9
249,8
249,7
249,6
249,5
249,4
0,570
259,4
259,3
259,2
259,1
259,0
0,569
258,3
258,2
258,1
258,0
0,568
257,3
257,2
257,1
257,0
256,3
256,2
256,1
256,0
0,567
255,4
255,3
255,2
255,1
255,0
254,3
254,2
254,1
254,0
253,3
253,2
253,1
253,0
252,3
252,2
252,1
252,0
251,3
251,2
251,1
251,0
250,3
250,2
250,1
250,0
249,3
249,2
249,1
249,0
248,4
248,3
248,2
248,1
248,0
32,101
32,100
32,99
32,98
32,97
32,96
243,6
243,5
237,34
238,5
238,4
237,33
237,32
237,31
237,30
237,29
237,28
237,27
237,26
237,25
237,24
237,23
237,22
237,21
237,20
237,19
237,18
237,17
237,16
237,15
237,14
237,13
237,12
237,11
237,10
237,9
237,8
237,7
237,6
237,5
237,4
247,4
247,3
247,2
247,1
247,0
246,3
246,2
246,1
246,0
245,3
245,2
245,1
245,0
244,3
244,2
244,1
244,0
243,4
243,3
243,2
0,566
243,1
243,0
242,3
242,2
242,1
242,0
241,3
241,2
241,1
241,0
240,3
240,2
240,1
240,0
0,565
239,3
239,2
239,1
239,0
0,564
238,3
238,2
238,1
238,0
237,3
237,2
237,1
237,0
0,563
226,31
226,30
226,29
226,28
226,27
226,26
226,25
226,24
226,23
226,22
226,21
226,20
226,19
226,18
226,17
226,16
226,15
226,14
226,13
226,12
226,11
226,10
226,9
226,8
226,7
226,6
226,5
226,4
236,4
236,3
236,2
236,1
236,0
235,3
235,2
235,1
235,0
234,3
234,2
234,1
234,0
233,3
233,2
233,1
233,0
232,4
232,3
232,2
232,1
232,0
231,3
231,2
231,1
231,0
230,3
230,2
230,1
230,0
229,3
229,2
229,1
229,0
228,3
228,2
228,1
228,0
227,3
227,2
227,1
227,0
226,3
226,2
226,1
226,0
215,7
215,6
215,5
215,4
225,4
225,3
225,2
225,1
225,0
224,3
224,2
224,1
224,0
223,3
223,2
223,1
223,0
222,3
222,2
222,1
222,0
221,4
221,3
221,2
221,1
221,0
220,3
220,2
220,1
220,0
219,3
219,2
219,1
219,0
218,3
218,2
218,1
218,0
217,3
217,2
217,1
217,0
216,3
216,2
216,1
216,0
215,3
215,2
215,1
215,0
214,4
214,3
214,2
214,1
214,0
213,3
213,2
213,1
213,0
212,3
212,2
212,1
212,0
211,3
211,2
211,1
211,0
210,4
210,3
210,2
210,1
210,0
209,3
209,2
209,1
209,0
208,3
208,2
208,1
208,0
207,3
207,2
207,1
